# * Colors
GREEN = \033[0;32m
RED = \033[0;31m
YELLOW = \033[0;33m
RESET = \033[0m
OK = $(GREEN)[OK]$(RESET)

# * Program name
NAME = mutantstack.out

# * Compilation
MYCPP = c++
MYCPPFLAGS = -Wall -Wextra -Werror -std=c++98 -g3 -fsanitize=address

# * Removal
RM = rm -rf

# * Includes
INCLUDES = -I ./inc/

# * Objects dir
OBJ_DIR = ./obj/

# * Sources files
MUTANTSTACK_DIR = ./src/
MUTANTSTACK_SRCS = 	main.cpp Span.cpp

SRCS = $(MUTANTSTACK_SRCS)

# * Object files
OBJS = $(addprefix $(OBJ_DIR), $(SRCS:.cpp=.o))

# ! RULES
$(OBJ_DIR)%.o: $(MUTANTSTACK_DIR)%.cpp
	@mkdir -p $(OBJ_DIR)
	@$(MYCPP) $(MYCPPFLAGS) $(INCLUDES) -c $< -o $@

$(NAME): $(OBJS)
	@$(MYCPP) $(MYCPPFLAGS) $(INCLUDES) $(OBJS) -o $(NAME)
	@echo "$(OK) $(GREEN)$(NAME)$(RESET)"

all: obj $(NAME)

obj:
	@mkdir -p $(OBJ_DIR)

clean:
	@$(RM) $(OBJS)
	@echo "$(OK) $(RED)Removed object files$(RESET)"

fclean: clean
	@echo "$(OK) $(RED)Removed $(NAME)$(RESET)"
	@$(RM) $(NAME)

re: fclean all
	@echo "$(OK) $(YELLOW)Rebuilt $(NAME)$(RESET)"

run:
	clear
	@$(MAKE) re --no-print-directory
	./$(NAME) -1792 1244 4682 -1972 -2890 3716 -4489 2471 -1224 -1347 3132 1677 196 1365 1757 -3779 4934 3086 2017 -4072 1138 -4692 1635 3916 -3083 -1194 3471 -3597 179 -4874 1784 -1101 404 -2344 1372 2885 -33 -4933 -4095 -1007 1490 521 405 -1762 3354 283 4590 313 -169 -4487 2171 173 2430 -2684 -3990 3672 -2864 -3302 4361 3897 3608 -3369 1866 3743 -4772 3221 1871 3946 -3619 -342 4600 3888 -1542 1697 -3082 1728 2731 1907 3865 2086 -1995 4956 765 1555 206 -4121 -1196 -2497 -254 1981 2301 -4272 16 -3368 724 -132 -3169 2257 -82 -2624 -3949 4776 -2863 19 2509 -1249 4311 263 2043 -4334 4788 2422 4274 4028 -2117 4840 -1286 -469 -4551 -3113 -1923 465 -1862 -2757 2036 -2199 -3908 197 3134 -1012 551 1112 4001 486 2693 -4657 -4905 -433 -1786 -603 1315 -1939 -2996 2377 792 -657 -1157 -3388 675 -1065 1000 773 705 -2944 1011 -4366 4796 -1494 1867 3140 -4068 4156 3980 -75 2735 1320 -580 -3342 878 3856 -4879 1367 -4628 4180 -4812 -390 1550 -2327 670 4607 -65 -2004 -32 -2347 -4435 -4177 -3414 -3717 -305 3405 -280 -2544 1919 4029 -4572 4535 1652 -3892 -2975 3026 1414 1035 -1922 540 4294 -4617 -1068 -698 -3367 -2399 4719 -1076 -4918 3996 2830 3183 3337 1868 -261 2654 3933 -3633 4533 3186 -4441 -3657 -3191 -2644 -179 930 2308 2102 -4729 -4889 -1074 975 2358 -1217 -2913 -1495 -3966 2711 1606 -1393 121 -1083 -3620 321 3558 -444 1266 -389 71 952 1006 -366 -862 4922 2674 -2924 -1525 3161 -1250 1787 1468 -4594 4741 -235 62 3003 2601 27 -3888 -2883 3582 -4771 4992 1835 -3215 4851 2956 -1539 -4903 4398 3559 -943 1351 855 1912 3125 901 1898 -4928 3718 1492 -1411 -2977 -4981 -3441 230 -3185 2222 -3880 3662 -2343 -1459 85 -3338 -2367 -3127 -826 -2112 2800 -1889 -3671 -2515 -4162 -3972 -2082 4338 261 1383 2262 2423 -981 1289 3430 -3064 1497 -2823 379 -1766 -764 4415 -1478 -4475 1988 -739 -1581 2530 -4079 1692 1815 4735 -267 -285 -264 -341 3386 563 3642 4331 1036 -4007 -1668 -1337 1204 2246 4249 -535 2856 -4243 -1148 1145 -2570 -2160 -1081 -101 -1765 4012 839 -4749 2180 -672 -412 -4799 -2431 4765 -3669 -2383 -750 875 1976 918 -4831 292 -2787 3739 -3974 4897 772 -3422 -4273 -1815 -2639 4885 -2774 -2414 3004 -2902 699 982 2316 1733 1771 -3875 -1547 3742 -4347 1067 2921 -3202 -4012 -59 4927 -667 4 -3144 2564 -1557 -2489 -2528 -1376 -2949 -1329 -1918 3518 -1130 -4336 4494 -4127 -636 -1627 -3299 1673 -45 -4225 -4989 4113 4293 -4712 1073 3895 620 -3328 4789 -4369 -69 1263 916 -1969 -2397 -2426 123 -259 3880 -1529 -544 1648 1491 4643 -1471 -2630 3289 2987 -2182 4658 -1691 571 -2867 -3488 2621 3690 4470 -2003 324 3860 -3811 2676 -4233 3381 3601 -3958 -2709 -3228 -4351 1678 -2307 -1884 4708 1925 -4743 2278 1004 41 -2829 -4371 -2884 231 96 899 429 4573 1014 -4240 4718 -4886 -2702 -168 2403 -3087 3658 -2925 1432 -824 -734 1581 1163 -4957 852 -3664 -3183 2557 913 728 4843 -375 117 -4974 -1343 4852 2450 130 -3315 -240 -2887 -2874 1680 -2024 690 1086 2992 -2785 -3740 -2524 -1502 -4076 4722 -343 4433 -2191 -2095 -864 -1783 4464 4709 -4976 2362 4635 3832 2772 545 -1402 890 -3205 -1099 2880 2713 4310 2420 -4218 1726 2844 1294 4694 -2137 722 4856 -942 -4830 -307 1952 1193 4568 -3321 6 -1475 -4320 2998 3546 2763 1137 4437 -62 -1538 950 1975 2029 -3188 1260 268 3340 -610 -3886 2586 -1306 -2760 4639 454 4457 3 1802 -2279 1041 -4280 3857 -1687 -3141 -2309 -3540 -386 4021 -4832 -4405 -3973 4451 2378 1544 2387 4519 3633 2580 -2678 -2127 -3953 -1654 3267 -576 -4011 767 3058 3568 -2995 301 1599 3936 -4559 -3500 -1152 4548 -3796 -4576 1627 -1406 -1341 -2765 2733 -4470 -2151 -840 108 -3799 2208 -2056 781 -170 -765 1211 -104 3872 3804 -4810 4604 692 2073 3981 -247 -4313 -1097 4624 -4262 963 4644 779 2306 -238 -3284 -1710 2485 -508 -3404 -4612 -4788 1636 -4439 3446 4747 -2815 1328 -2366 -3010 -515 -2407 -3575 -2359 4714 -1257 4045 2334 4326 1575 821 111 1076 1423 3012 1998 619 -3151 -1797 -2224 4323 4093 1461 4341 -2051 -4131 2007 1525 -2741 1358 3616 -1787 4810 2146 -1621 3555 3771 -4263 -3239 560 1053 2682 3609 3448 4330 -1573 -4859 4948 798 1982 3623 980 4654 2282 -999 776 -4639 -2334 3482 -3942 4126 1446 1473 2718 -1940 562 532 -2941 -4020 -4671 3564 -2936 2678 4936 -3893 -215 -4261 -2317 -400 -479 -3634 4858 370 -1110 3595 1980 1377 -2111 -15 2574 4880 4456 -4854 -4677 -2606 -1593 3781 2219 811 1538 2714 -1001 3184 2135 -4770 -2625 -956 -2322 1099 3426 -4850 360 1557 -1145 -2465 -393 1991 2347 3953 3489 1170 -1474 3473 992 -1768 3863 718 4227 -3145 -163 3036 -991 -911 1616 -1098 4124 -2211 1689 2996 1017 -1399 -3175 -2618 -188 3765 -437 -4919 4204 -4001 1748 2699 2311 -1591 3333 -1247 -4523 -3845 -2761 3379 2622 3164 -3852 1618 2489 286 -3295 561 -4774 4292 -1530 -844 3050 3123 3666 4230 -1617 3813 -4778 -712 -4646 -4707 -3729 -2018 553 306 -848 -3365 -1229 -1420 -1599 -1899 1130 402 -4342 -4626 2609 3413 -4560 -2616 3127 -1094 3360 4879 4752 2484 4678 -3693 -3012 -5000 2843 -4478 2498 2254 -3254 -2848 2269 -1421 1561 4514 591 -503 -4815 -1473 430 2585 -810 -1223 -1372 -2163 3535 -1482 -1198 -3400 -4669 -3149 3710 3501 -1260 -2025 -2077 -491 -1655 3352 3085 4522 -1826 4968 -1133 -4534 4307 -98 2840 -1992 1960 -4231 1092 3557 -2972 4965 -1834 -3437 -1677 1879 -302 3377 2977 -1283 -1592 -3419 -2028 4509 -1138 -4260 4195 4332 4619 4954 4327 -4621 4159 2446 39 -131 -2983 -4967 -1881 4440 -3977 205 -2841 -2073 2161 3014 3519 1295 1216 2886 423 -4303 -832 4632 -2177 -3656 567 2226 2025 -3366 -2297 -772 -2110 977 -79 -1400 -3461 181 3414 420 4318 2131 -2463 3070 -2250 4453 1638 -1216 4696 -1370 3652 -2974 -599 -121 2445 -4283 1752 509 304 -100 4684 3253 3580 -3711 -4299 -3665 2432 -3243 610 -438 -1536 -2052 167 -4358 -233 -4620 4895 -3807 -4364 -1741 3158 4849 2409 -1122 2333 -4455 4080 927 3098 -457 -3387 1405 2470 -4454 2031 2803 -4587 -1812 4176 4261 -3755 -327 4729 771 -230 3821 2415 2705 -4797 3969 1008 3425 3280 -3956 706 1824 -3014 266 -3518 -3020 -4673 1362 1500 -575 -4206 2852 -941 -3394 716 -423 -2582 -1367 1341 -4325 320 -4544 1034 2351 666 1371 -1447 2478 3902 -1802 -595 -4461 1966 2915 1813 2427 3611 4524 -1523 4197 1577 -520 -4625 1037 -2348 2304 -600 4774 -2648 -3999 -492 -1580 1756 4591 89 -4403 -3505 -2825 4827 946 2851 4130 -2384 730 -3571 -2580 -3402 2899 2636 3147 -3874 4221 -1905 3751 -796 -3804 -4630 3286 -2342 -3392 3537 -443 -2131 -4538 2342 -605 -4667 4102 4901 4074 -3879 -704 3522 4659 2799 -2187 -1336 -4710 -1746 -2055 -526 3401 -172 2030 -1909 2231 -3815 3477 -3447 -4282 2408 -3081 815 1735 -853 1115 -583 -689 3174 4583 -3 3467 1566 -1221 -4806 4793 -2637 -2609 -2330 -4654 -768 -3708 1150 -1104 -1971 3528 1330 3363 -623 3509 1386 -4570 -4443 -1997 1858 -2377 693 -2554 -4365 -2808 299 4527 3919 -4213 2375 -3047 4349 -3258 3490 -3723 682 -465 2370 -4010 -2037 3296 1438 -4824 -542 3211 4656 4926 -1676 -295 -4417 -2435 4401 933 1425 -3376 2259 -3812 1624 2919 -3021 2456 -748 1870 -4450 2985 3087 -4503 -1945 -316 -762 4957 -1566 -4054 4770 -1108 3432 -3766 910 2266 -2602 -22 4266 4645 2563 2365 -2132 -612 2123 101 -3179 222 -953 2277 4265 -4863 1578 2035 2760 -4860 -2877 1087 -2155 -1395 3915 2893 2298 4467 1243 -4694 2999 -4292 361 -582 2429 -2803 1655 568 1749 -2142 518 774 -2230 2815 -553 1665 448 1182 1107 -4065 -408 -1791 4830 1019 -66 -3139 -11 1133 -1052 2773 -543 3584 -2540 -3032 1154 -2986 1883 -4516 -3998 2565 -2850 759 -505 4585 -332 1902 -1723 4031 -2032 3248 -3857 50 -2665 -2789 -716 2819 -3399 4384 2660 -2860 2988 -3754 -3277 -2101 3625 1131 4381 238 1685 -2751 -2107 -1357 1188 -3072 -4843 3505 -4597 -1998 1299 -4200 -4590 -4988 166 -1690 -2729 -4569 -1689 2828 4202 -1449 -2603 -4883 -4864 14 -3609 4215 4374 -2303 4700 -1507 3264 -114 -4664 4089 4733 -983 758 4251 3124 479 4016 2245 986 -841 2371 1660 1901 -3822 -2492 -474 -1757 535 4728 1267 2516 4343 -4135 327 -1912 -1248 1195 -1116 4373 1617 -4214 -1281 -4108 -2093 4418 1810 -924 -1820 695 -2886 337 -3491 -1186 -2984 -3265 3972 2343 -4926 -766 -1851 1359 4137 -2149 -4257 -4026 3283 1143 2511 3973 -4844 368 1997 4371 -4606 3142 -4183 -4794 -4242 4898 -2452 4935 4508 -1893 1478 -806 -2742 4413 -1810 -1537 2615 -2736 -2649 -269 937 -3383 4802 4637 -3430 -2328 -2909 -1561 -3541 4109 3900 -2148 36 -349 -2436 3216 -3565 2542 -4990 -3724 -4002 4596 -1844 -962 -1262 -3297 -557 4760 -2556 -3201 -2965 3748 2665 2421 -1324 4924 2142 484 4959 -1736 -2433 4348 -3844 -3781 499 -2478 -3034 2088 -959 -513 -3170 403 -4071 1610 388 799 -1575 3664 3898 -2060 4836 -963 1215 -4526 -1203 2691 2011 -4993 -299 -2560 4191 -3591 712 3762 4403 157 3465 22 4598 -301 -2950 -263 -2421 4841 -3915 1515 2221 2837 1305 3567 -329 -3573 4497 4131 2913 195 3670 2101 1292 -3598 1793 1501 -177 3925 -4414 81 1825 185 -2771 -2152 3092 -3760 2487 473 4896 -2620 -3566 3229 3870 3651 -1613 -112 1183 -2562 2578 3139 842 2942 1620 -3354 -4187 -4052 -1665 2652 -152 -1267 -3065 -68 3622 -4248 -4731 -2611 -2584 1653 -909 -2042 3918 3552 -4317 -1353 -4064 908 4864 -3508 3776 -252 -3659 3889 -2413 1366 -3374 -3553 2833 -4452 2864 -1415 422 554 -4166 3331 2451 -3002 2109 -3359 -4395 1848 4502 -1639 -4445 2816 4511 4394 -4600 -3626 -3281 2871 -860 -3214 633 -1209 -220 -4952 3951 -2147 -2596 -4348 -558 4165 -2550 2319 1831 -2522 -4855 143 -3003 667 1686 -3889 1015 2727 -3329 1595 -4580 2364 -2265 52 -4725 -115 256 159 736 -4338 -1011 -2213 4356 -1594 -2266 -483 449 -140 3421 -787 2492 -3963 2877 -786 -1451 -14 -2109 -4120 1499 2938 161 -2043 2897 2605 1214 -2904 -829 -2989 1040 100 -2490 2920 -2799 -4427 4132 -3538 -449 -1719 -4842 -1356 -1197 -456 -1942 -551 3726 -2119 1646 2453 2518 3439 1758 -368 1196 650 -1758 -1861 2835 -2943 2444 731 4231 -2805 4925 -2256 2227 3193 -3624 4362 -4995 1576 -4267 -2688 -357 -4030 1007 1074 4391 3295 -3965 3948 4653 4260 3508 1119 1113 -3644 18 4185 -3477 3275 -4643 -3055 4442 2513 -2495 4491 3984 -3763 3373 3914 -4388 2116 2722 -2786 -4178 4431 47 -276 4903 809 -2851 595 49 2329 3879 438 1881 -3769 4097 -4753 4257 -2720 1226 -1848 3571 676 4799 665 -3009 -453 -3795 4778 463 -654 1097 653 4321 3871 4462 3081 3744 -2788 -3957 -4760 -3194 -2987 -4304 -3300 -4858 3687 1302 1817 2012 -2085 2724 -2427 84 2562 -2254 -326 2592 4298 -709 4929 3178 1469 -2873 814 1999 -1619 3039 3199 2561 -232 3854 -4586 2317 -1718 2900 3968 3735 -4254 -545 -2186 -2153 1637 -3136 -2636 -1898 -2499 -4124 2352 2411 3810 -819 -2876 -180 3353 2295 -556 3570 2203 1333 406 3777 2441 1028 3187 -3471 4994 -4713 -1840 3451 4501 -1769 -2743 1098 -3833 3752 -376 -3980 -3452 4493 3272 2934 4414 -365 -2967 -325 -4473 -3455 -3197 -4960 3709 2514 3696 -2212 4187 3566 -2241 858 3962 1965 1936 3155 4106 3206 1171 2951 4820 -228 -486 -2835 4295 -948 -4241 2786 4593 2629 -2335 4353 -3742 -1772 -2612 270 3607 -3206 -200 -1241 -4723 -4345 -41 4932 -2666 3749 4839 4490 -898 467 -2762 3775 -2712 366 1185 3540 -3343 4866 -1285 -4721 4730 2824 464 3055 -4629 -1264 -2216 2736 -4992 -3030 1967 -3559 1078 -2642 -1559 2681 2201 -3381 -4329 134 4248 3233 -939 2936 -2007 1913 -2781 178 3260 450 642 -3167 -1408 3563 -2545 1507 -4485 -1269 -3916 -664 3510 2119 -858 3215 -1515 4044 1690 4190 3427 477 -1233 1904 -2694 -978 2312 2807 4794 -710 -2796 -3595 2512 609 -683 -1949 2794 -2320 -4632 1433 2331 478 3144 3656 -4297 -1622 2395 -4212 93 46 1707 4899 4999 -2306 3808 1261 -3053 -4210 -2270 2981 -4029 4110 1734 1132 -2900 -1965 -4296 -727 4291 3708 -1352 2520 -4116 3443 2839 -1092 -1990 4477 -1738 -250 -4681 -1380 4983 2814 2868 2888 -1647 4699 -73 1050 1471 4259 381 2256 -949 2440 -3506 2363 -3456 -2404 1047 -4759 -1428 4020 -1088 -1531 -3611 -206 -1235 -1558 -3463 -2752 -4204 -2039 -4226 3364 -1410 -3306 1740 -3546 1994 -4410 -3510 569 4207 -2839 -2548 -3503 -640 -4948 1495 2021 -3652 2860 4534 -2732 1708 2315 2402 4047 -1227 972 -3130 1873 341 -2313 -3621 777 3355 -4350 589 575 -1055 302 1155 3282 2287 -1540 4114 1048 -3168 -2538 4631 -3713 -494 -3712 -1817 -2346 -1237 2588 -70 -633 3575 1218 -2907 2138 -2061 1559 116 2802 3675 -4589 1402 941 -354 3822 -173 3849 1027 2459 1539 1186 3082 -4897 2490 2955 -413 -1882 2100 -4548 -3925 1855 311 3747 -4662 -196 3838 2890 -1793 -3992 -846 637 2940 3812 2339 1908 -1215 -4460 3619 -2078 870 -3832 -1671 2560 -4038 -3316 -850 1283 4205 -650 -1907 -3050 -3791 -1583 3168 2947 3615 -1000 500 4869 3576 2847 4010 2972 1602 4850 -715 1082 -3150 2671 -190 4154 -4259 3885 903 -2879 2285 -4873 4795 -3586 4940 3618 -1036 2961 -1192 -4767 -2428 -4595 -442 -3922 163 -4465 -2108 -2553 3330 -2631 1533 -3163 187 -2529 1219 -3839 622 1248 1702 -2302 -4397 4072 -1016 -3528 -303 533 -3117 3512 -3101 708 -3638 -3352 -1031 868 3811 3042 2081 -1724 -2931 -2387 4641 2554 -1544 -1733 2084 3265 -3325 -1785 -2390 -1650 1663 4111 4214 -4207 -3647 2963 -1401 -3181 1335 1772 2475 -1651 3581 742 -2047 -2654 4400 3899 3357 2172 -833 4035 -4938 2077 -2627 343 -2477 -3417 363 153 3648 -1788 2820 -3901 4063 -1054 2544 4970 -4519 -2708 4565 -2826 164 2593 -4524 354 2065 -3531 -1240 4043 4702 1200 -4693 -2880 -2445 4428 4092 1562 -2233 -1554 2552 -3416 1128 -1686 1486 -1297 3194 -3448 -3449 4425 -1799 -4315 2810 1910 -362 2078 3029 4892 834 -2218 -682 -1963 1494 4478 2162 -2982 1671 -2521 1985 3021 1839 3435 -3457 3542 2930 1709 -984 -2507 3855 938 -3730 2447 -20 732 3128 -2193 3212 -3700 2549 -3007 785 1945 4459 -26 1021 2013 -3768 -1490 -3267 1172 -770 1391 1489 4002 -3770 -2225 -2951 -197 -1207 -3102 3316 -3423 4781 2879 2461 -1700 -1514 3660 -2920 -1500 -756 2000 1139 -746 -2197 -1178 2780 -3428 -1956 3685 -1635 -2146 -1714 -475 -1501 4987 -2958 1667 4302 4536 2041 -560 2026 4419 685 -4961 -2613 -2365 -592 1766 4135 -767 -4032 -1123 -3635 -4658 26 4581 235 2425 1122 -1819 -1468 2199 1238 -4023 -2915 -4779 2853 -3445 -3103 2005 4439 -2325 788 -3994 -4328 -3920 -1913 -4935 -4034 -3044 2613 -4747 4606 3185 -4126 4750 1989 2809 -1325 3825 -183 -1694 880 -1560 4512 1176 -3785 -988 -2626 4872 -922 2536 -1701 4749 -4530 -488 -4525 4889 -4685 1659 1208 1959 -717 4740 2054 -3615 1805 -1461 -3344 3927 823 -3272 -2526 -3993 4753 -1244 4617 2859 110 -3424 726 1079 -118 1025 -1543 1277 -1436 -1487 457 -2234 748 1854 -2031 -4790 -1481 -2411 -2422 -3678 172 -38 -4109 -2034 3182 1310 -2242 -3673 -1628 3678 -290 -2970 2260 3654 4690 -21 -564 -1008 4282 -591 2687 3789 -571 -2496 -4605 -3221 4871 -609 3541 979 -4146 1721 4151 1962 1741 -1675 -4151 -3835 -4298 2340 -2405 -3037 3060 -3679 -4970 -323 1054 1828 3843 -1876 323 4476 -1314 1352 1363 -849 2130 -812 1700 -643 -1980 -1009 -455 942 -3157 -395 2575 -1149 1838 2467 -905 3539 3910 816 -2910 -3907 -893 -4510 603 1426 3344 -2563 -2156 1093 4325 1235 -1931 -2821 1789 -2326 4657 -3264 -3904 -202 -791 -4687 -4084 -1924 -107 426 -2033 -2438 -3710 442 -3787 4225 -4496 1588 1106 4692 944 4941 1207 4492 2969 4055 -4746 964 -3421 -1737 2150 -3831 2049 4986 -288 3153 4217 3816 -2123 -4234 2202 2957 1493 -2846 3521 -4044 -880 1890 -1289 2163 -1310 4974 -3061 2247 3947 -3390 1626 -4171 -4160 56 2523 3133 1179 531 109 -4407 -4836 4826 -3733 4254 4819 1681 -614 2742 133 1148 -3278 -1902 2551 -4699 1796 3305 -2376 -4141 -4438 2143 2617 -1159 -80 -1466 701 -4650 -4985 -3868 -3850 -2371 75 -3687 -2098 3119 315 -3696 4077 4528 3189 -3129 -541 4255 550 3761 2380 4136 106 -2195 -3532 4091 -1282 -1137 -108 -1305 -4013 3967 -692 4186 -3140 -4994 2688 4725 3605 -1673 -1753 -1532 2967 -2251 3724 1264 -2214 1932 -4217 -738 -3450 -2484 3719 1312 3088 2653 3416 1121 3222 -3016 416 3904 1767 3326 -3274 4303 4489 3483 2612 2883 -1598 1634 358 -947 2406 -665 -2161 -2105 4549 -2728 2066 -2531 -3997 2359 3409 2970 191 -4105 -3757 4153 3826 -2385 4125 3531 1336 3067 -2981 -4015 -1927 4210 795 -3204 -1937 4152 1039 -1751 374 4594 1719 4861 4375 1607 1301 4759 3440 -1608 1210 -2011 -1921 -1948 -996 4194 660 2449 1012 713 2637 536 -1205 -1041 1643 3520 3640 -666 1874 -1670 351 -1028 -4947 2664 -1351 -3660 -4765 1070 -369 -4750 3470 2064 3598 1448 1303 3754 -484 -4168 -1136 -192 1937 2249 4390 -871 -3289 1882 628 1743 2448 -1679 -4601 -3548 -870 -47 501 2817 2874 -3765 -4718 -4005 -1342 -3923 2124 -146 -137 -294 4081 960 -2290 -2922 517 1120 541 2579 4409 -2207 -2209 -4199 -4577 3873 -510 813 2658 1072 -3413 -4154 -1303 -4593 -993 2185 2534 -4663 -3738 3069 997 3712 -1709 -1510 4507 4915 -3593 -1293 1820 1518 1571 1252 4933 -2908 -866 3246 1811 3907 -4872 -4308 -1025 -2396 3890 1582 -875 2058 -4368 -193 -3509 3342 3780 1799 -4711 225 3864 -3210 3985 -4728 3378 4149 2129 -4075 2720 2491 4420 2751 3095 1946 232 -1176 782 2481 -1657 1605 -452 -4480 -1706 4868 -2406 601 -1866 -2269 746 3788 4608 2008 4465 4030 -2295 1862 -1702 -2058 -92 -4070 4754 -384 1388 2207 1903 -1696 -3731 -2813 4888 -1916 -4820 -3001 -2310 -52 -4494 -1253 1158 -2099 4673 -3513 3346 -3409 -4434 -1266 -4062 -969 -627 -3828 -214 4995 3063 -3862 3417 2949 -816 3626 -213 -2331 -1964 4862 -3721 -1069 1094 -4415 -1318 4407 25 4498 -868 4236 -4060 1788 -2862 3637 -2408 1165 -436 4443 -4420 415 3327 -621 -2106 3840 -166 -4983 -1911 3294 3593 -3076 3594 -4103 1993 2757 -2590 652 1045 204 1670 -1994 -487 4117 -3507 151 3209 2606 -3705 790 3976 -2460 -3605 1950 -4372 -2457 4301 -1270 -1026 3113 -257 2662 30 -3735 -4828 -3918 -1017 3736 -4173 578 -4360 250 -4615 3606 4038 2028 2643 -975 4333 -1180 -782 144 2903 -2513 -4442 2366 2004 -2699 -3208 -4306 -2252 -4382 4147 -2668 -3964 4937 -531 2541 3875 -4991 -3556 3945 -4310 308 -3524 -2178 3362 2361 -940 -945 -1975 -2875 -4440 -867 329 1683 -3594 413 -3547 3396 -4227 -1798 -822 -1374 3402 2085 -4738 3533 1795 2322 766 2854 -1868 1350 -1506 -185 1753 -1188 -1430 -1993 -3971 1247 1818 2975 638 1360 4481 3530 -4192 -4147 95 3848 -794 3496 2928 3830 2958 1142 573 -2549 -4483 -1048 58 -2969 -229 -4683 -4387 -4784 -878 2764 -1711 2193 -671 1229 -2669 -4895 -1358 3493 -3824 896 2801 -1015 2120 -684 -2502 -2768 -931 534 3167 -4051 -2842 -3676 2393 4726 -2561 -1128 -1633 2715 539 2045 -3454 -258 4577 -283 -1891 -344 -2479 1812 -2530 3001 -1348 -1698 -700 1661 4359 -2166 -4251 -718 -333 -2693 2968 2926 2113 2179 279 -1219 495 4801 -3714 -1044 2452 -2263 45 3249 338 1563 -2871 -3473 1083 -3385 -1032 2091 -3324 -964 1389 -634 -218 2279 1803 -1717 -3462 -4295 -1508 1430 -4186 1010 -3469 1452 2982 3077 -495 -3025 959 549 -4396 168 269 -2114 -2911 -741 1114 265 -3568 1548 -3143 3111 3799 3975 865 2526 4233 3348 -3464 1770 1955 -291 -1847 -3434 -1950 -4264 1836 2197 -2756 -2926 -2226 -4412 4300 3225 412 4032 -293 86 240 -2836 1454 3151 -3554 4706 -1377 -754 3824 424 -2474 -1618 2265 3894 -2978 4392 2646 4143 -4901 1415 4981 -2988 -3552 -2885 1407 4234 -3337 -102 945 -1309 1457 4679 372 -1831 -3229 -3871 -921 -321 -3052 -2802 -355 2677 -90 -144 -3534 1995 -3391 -925 1177 -4252 253 -2437 2740 -3663 4272 3054 3169 -4800 -1426 288 3515 4523 -4458 175 -1292 2644 2431 581 2945 4911 4471 3308 -234 1695 4244 128 -4024 -3126 -2030 4388 258 3554 3376 -801 4853 -4316 -4003 3031 817 4743 -3981 4996 -2881 1222 -1063 -1957 -139 -4492 1346 4060 1778 -679 -2976 3699 4350 -4097 -3442 -4614 -2415 1213 -1944 2849 2198 -125 1416 4174 -4835 1439 2294 437 -4433 -1832 4247 359 1696 4914 1203 4602 4797 4275 -409 -1034 -3583 2782 -2045 2591 2099 3380 3983 -2283 -4916 -2423 3992 3468 4229 -2169 -1075 1675 -2727 -2125 2128 3442 -1038 3420 -2822 -3479 4435 4978 1590 31 -2500 1081 2400 1256 -518 -2957 -3292 4067 4693 3858 2283 3391 3878 -3180 3367 -1800 3044 657 4290 1443 -4997 4068 -1424 958 -2891 3551 -2640 -3411 -4294 1731 -4277 -2837 2602 1608 -3881 598 2641 -2128 1517 719 974 2392 -680 -2778 -2069 -54 3034 2657 -3377 -2277 -2537 2568 2870 1921 -1251 4166 844 -1973 3318 -4689 -986 -4193 401 -3495 -2323 -292 -3542 1085 -157 -3054 2240 3961 1536 -4230 2529 -462 -2141 -2372 4894 -3212 1127 1326 1556 284 -1254 -4906 469 2046 2659 -3331 4556 -1678 -1754 2754 1527 4238 -3741 -2336 -506 -958 1422 3958 -1903 -3689 3917 1791 247 -696 -4565 77 -4686 -428 -2382 -3291 3232 -2305 552 1514 2455 2628 -3515 2501 4482 -314 2510 2015 73 278 2360 969 3763 -3995 1951 841 3049 -1625 2594 -879 -1003 -4343 3589 -3426 3247 -3563 -537 -4222 -3263 -3896 -1462 3288 -30 -2206 4738 -642 -4781 -496 -1664 3438 -4462 2524 -608 -803 -3119 -882 3321 -120 1619 3319 142 -1568 -3677 4083 4848 -3356 -914 1765 -4807 3750 -1821 -3690 -4966 -2894 1574 -2662 739 -110 -309 -2275 3118 -4817 -3865 4886 -4946 -4796 160 -4920 -421 -2350 1864 -387 907 3359 2006 -2019 4544 869 -3813 -930 -4398 -3108 113 2385 -2227 1343 3250 -2730 -296 -792 3846 4160 3866 2502 2165 4572 -4847 -4247 4033 2125 4755 -2793 1529 -3490 3578 1057 4613 -1195 -720 -2236 2558 3037 3148 290 -4136 -77 -126 3922 -4203 -2448 219 -4876 1129 2147 -310 -2122 -4599 -3748 -732 4756 996 4884 -630 -4691 -1555 -1246 -1794 -1748 -820 -1272 755 -4676 2093 -3008 1664 -2027 -2401 -836 326 2248 4239 1353 -2629 3758 1342 -660 -869 2750 4200 189 618 3937 333 2846 -3028 808 -4278 -3863 4019 -3045 993 476 3790 -485 -4518 98 1030 -4143 4336 2154 -63 -2744 -2533 -4239 -1384 3065 -1335 2935 2267 1849 -4017 -83 -1703 -260 -270 -1456 -570 -577 3100 208 -3235 1763 -2518 2792 -2820 2638 2821 -2375 -3537 -3877 1116 -4623 1759 -353 11 -1073 985 -2246 -4896 -204 325 -3378 -1666 -3627 32 -3680 4609 2813 4363 -337 -3777 3149 309 2732 3516 -1616 590 1703 -4631 1598 -1562 -4330 4084 1272 3384 -4321 1324 -4188 597 3104 -2245 2974 4382 1281 3650 1 -1739 3200 3746 -881 -516 935 1755 -2443 1601 -2777 1987 1126 -3747 1851 -1585 2632 -883 -1228 -1440 4990 3827 -574 2976 1394 -1959 1754 1374 4545 -2578 183 3707 -601 1323 -3699 -3460 -434 4329 2476 4672 -147 2994 1865 -4100 -4300 3745 2273 -3124 1609 -4221 3955 -4224 -895 408 4751 -3864 1184 2925 -1563 3062 -4104 3600 -4661 4196 -4379 1022 -429 3013 -4386 1656 3017 2941 4785 468 -2617 3188 -338 -1470 -509 4128 2785 3791 392 -2755 -3022 4742 702 76 -4688 -1155 3338 -2006 2587 2707 131 -4107 2305 -4827 4731 432 3358 2083 -1852 -1193 807 -4816 4223 3408 -3962 -728 -27 3514 -1256 -51 3862 1682 -3355 -3159 -3006 -1871 -4793 2170 -2113 -2184 -3900 1504 -4268 4484 3705 -4745 4905 -1549 2752 64 801 -1445 -4184 -3767 -1548 -1578 -1185 1411 1435 4953 2537 -2572 -1767 -4592 471 2881 1306 2655 -81 -4293 -3253 -2660 2210 -217 3388 1657 -539 1259 4098 -3917 -1681 3343 677 -3919 832 3259 -3602 -4374 -4486 3817 3706 -4082 -4533 -17 1024 -4867 -809 -3474 924 1246 2804 3210 -3938 -721 1029 3700 1403 -3304 4146 461 -3223 2531 751 -4641 -312 -1816 721 4158 4430 1470 4634 4399 445 4026 -2204 2867 2048 -708 2391 -1143 2139 -2939 -4509 1451 -1636 -1201 -2899 948 -2558 2623 2105 3999 4710 -1726 -2304 4094 -926 3072 -2381 2072 -16 1483 -1431 3106 -225 -1126 -2488 0 830 -1951 3604 177 709 3228 1645 2286 -1259 4025 4834 -4892 -4281 922 201 -2287 4447 775 4550 1408 1364 -1601 2059 2710 -4172 2929 -2703 3671 2104 -2843 -2314 593 1503 -3288 -4058 316 981 -702 3099 220 1051 -4447 2827 -331 3382 158 -3637 4004 -4479 -2878 -2057 786 -391 -565 -2444 120 -4925 -1734 3783 282 -673 -1429 1225 4123 -1102 -2719 -1896 1069 2916 -3041 -1838 -4924 356 -1450 1424 548 2121 513 3066 -2735 -1093 2905 -3040 -4869 -2282 537 -968 1774 4612 2338 897 3803 4405 1042 -2424 2493 -3816 -1391 -318 -363 1485 4432 4183 4469 -3485 961 4500 4357 -2763 3292 2166 -2816 -927 -2682 -4705 -626 2944 4854 2550 -4964 1654 3587 72 -1974 1456 -4649 605 1410 -2656 -2955 1063 -3271 -4077 -3468 1853 -3435 4665 1288 4189 3010 148 88 1809 2255 -972 -1979 193 -4114 -995 -3245 -2731 -954 953 -4497 -4709 -274 -64 -3023 -2811 -4175 -2036 3230 2863 3728 2696 2673 4483 -143 -2746 3262 1293 885 -3004 -774 4758 1296 4087 1181 2160 -740 2983 -3773 862 -2753 2169 -1204 -1610 -2831 2689 3734 3322 4122 1513 723 1060 -719 -4493 -1323 606 4208 -4809 4071 988 1549 -2298 4616 -3146 -4416 3819 -2090 1487 4346 1332 -1822 -2543 -74 2719 -1232 768 4518 4222 2577 4161 530 3908 1603 -3649 -1113 12 3192 -4161 -25 2270 1209 2768 34 4069 3097 -1649 787 -4508 60 -1360 -3702 -2914 -4000 -1387 -2872 4101 -3105 4540 3686 -2586 233 -4716 -2945 596 -1379 -637 4769 -3859 -1877 3802 -2998 3208 -2979 -790 -3116 -4959 3170 3162 2228 -2937 4939 2019 1520 1111 3454 -476 -4891 294 -2505 -2237 -1057 648 1863 -3412 322 -3458 735 -2048 -2434 4100 -1321 2692 2067 2725 310 -4877 -3280 -589 -39 -7 -3911 -2102 369 -3248 3782 -4582 -1394 -1480 2946 -2135 4676 -2067 1816 632 3466 472 -2091 1730 -2568 -2104 3876 -4083 -3561 459 2477 1373 491 -3539 -4495 4313 4283 -2075 3369 585 4638 -1361 1392 4134 -3716 242 -2301 1419 3434 4446 2500 -4073 -3692 -3551 -3682 -165 949 1221 3938 2619 -4069 -2281 -4737 -4550 3932 -3884 -3840 4105 2887 -4909 -3641 3891 -4973 209 314 586 -1582 -3152 3009 4316 4736 -2368 -2565 -2260 2336 -2858 -2167 -1230 2158 -4870 -3744 -3000 2466 -3330 1669 4279 -3512 4532 3129 -4607 -597 1872 -2928 3957 3487 -908 2200 -4468 4461 -3196 -2403 -3695 2675 -2318 -1985 -4094 -3099 -1404 754 -4176 2379 13 -3135 1159 -979 4173 4712 -4645 -1208 393 -1117 -1231 -1189 3550 1428 3383 2640 4256 -4361 2292 1790 -2278 1136 -3719 3393 4707 -2954 503 -1156 2349 3553 4276 2341 929 -3934 -2001 1230 4622 -2380 -934 2539 -4258 2076 -980 1232 3397 2765 1447 -1906 -3305 -3487 -1928 -2770 2755 2236 4860 4188 2258 -3115 42 -647 -404 4592 4107 -2663 4717 -4848 4720 78 2483 -4660 -4965 543 4008 -2472 -171 3549 1506 4614 -2601 267 -3772 4120 -587 1376 -287 1381 2212 3299 -3809 -2754 -4757 4991 4468 696 -3024 -4090 4213 -405 -2672 -1153 -1103 -2698 3320 4139 -2360 -1319 -1886 4017 2268 -109 -4528 -2512 3431 3583 -2121 4745 668 -3854 -3071 1002 1476 -1364 385 1466 -1211 -559 3057 -1082 -356 1623 -2510 886 226 2140 1080 3861 -3073 4306 -1656 4184 -441 2703 3547 4473 1110 2464 1450 66 -713 -3751 3989 -3782 -4399 2769 4406 -2248 -3057 3235 -2185 645 2964 4669 -3726 3428 789 -151 711 4599 -3860 1706 -473 -3521 -2092 2053 3548 -2393 -278 4520 -4720 4454 -1493 4554 2204 -1107 2759 2730 2598 -4773 -4921 1201 186 -2641 -872 -372 -2419 3634 -2196 1286 -3120 -1590 1271 4762 -1991 4831 -2509 -1268 4563 4803 2061 3635 -2180 2861 4946 564 63 4541 2126 4980 1005 -4284 2818 -1727 3617 -3459 3630 1783 -3613 2396 4589 -401 -1340 -4668 -4610 3841 -2249 3717 -203 -4583 -4777 3990 4734 -352 -3756 -3567 1625 -4678 -1067 -4174 -2257 1084 -2035 -3707 3668 4666 -4543 -585 -3060 1169 -524 1775 -2519 -3686 -699 -3883 943 2686 1929 3025 -1084 -1158 -3527 -2980 -4067 -1096 3715 -426 -3614 3921 373 2156 -1417 -3743 3831 -3121 2745 -3847 -3074 -2827 -3906 1512 389 1891 -1755 -3764 -1699 1794 3823 2132 -2354 1089 -4289 4962 3263 -3493 -468 -725 255 -3921 -84 3602 2014 4683 2697 -2268 -2865 -1134 -2604 1445 3657 1877 3291 3480 -461 3073 1840 -1503 -4748 2232 -4846 -2096 -4159 -1004 -2670 -1587 -899 4977 -4302 2521 -1688 -1366 2922 -2592 -573 -472 1545 2698 -839 1479 -1806 -1413 1780 3433 -3982 -4884 -2809 -262 3931 1841 4950 846 -3405 -4363 -3776 2218 1615 4628 -127 1224 411 4108 -37 3171 2738 4944 -932 3574 1278 3190 3653 -159 -1920 2033 -281 -843 -2897 2188 -1869 -1938 704 -1695 -1239 3644 2797 -4616 -4573 -371 -2705 3195 4633 -378 1387 876 4805 -2961 -4270 505 4763 436 1751 3027 -2097 -1632 -2170 1725 -584 -1729 4595 1104 4206 2241 -694 2767 -522 -119 -2985 3324 1944 -1312 229 4380 2812 3300 -1040 -4521 2876 2882 635 384 -4158 1699 555 -4982 4449 4018 -2566 3770 -4940 4703 -2255 4358 -2100 873 -4679 -4704 -2159 3456 344 -2869 2356 -199 1156 -3775 2020 1511 2841 806 -1160 -1546 3255 3674 3301 3334 4960 -2088 3669 3457 4014 -2173 3756 -1721 3525 1633 80 892 3152 -1735 2344 -4436 -3502 3103 -2990 -3584 3766 -649 -1078 -2747 3371 -4949 4242 2039 174 -3287 -4735 1856 -2118 -1859 -837 1077 -3557 -997 2979 -3894 -4914 -2220 1992 -1759 -3846 -3544 4480 -776 -2608 4547 -4311 -3788 4558 -4250 1808 2183 -1432 -470 -1708 3030 1231 -330 -2832 1737 -4040 -1830 -989 1337 2600 2850 -3371 3852 -775 4832 -1202 -3092 1140 -678 -60 743 371 -445 -3231 2098 2097 4070 2748 -298 -4464 -418 -2054 -2595 -1517 4882 -1212 2177 4923 4537 3693 1440 -3501 1149 -4113 529 4800 3494 386 -1381 -1984 190 -500 274 1059 2497 1662 544 -3761 -3249 1334 3423 -3193 -1925 -1346 -693 -4775 -3080 4662 2082 -3384 -1218 149 -4880 4078 2479 -2589 -3961 -3349 -4180 3400 -3616 4486 3110 -3408 3329 -4611 3503 3647 -568 4378 2672 527 4515 4764 3116 -4074 4395 -1492 -450 -1114 -2345 -2810 -3234 2712 -1672 -2791 300 -3199 3179 1282 3893 -3718 1427 -24 1739 -86 4423 1722 -4253 -3715 764 -854 2726 -745 1859 -3128 -394 -414 -4826 4360 -1298 1370 -1383 -4287 296 -4890 2189 2532 4711 440 4621 1481 2275 -982 1761 2608 2155 1033 317 2462 -533 720 1948 -4152 -221 -504 277 2910 1160 3107 843 -2686 90 1720 -3431 92 -1200 999 -4122 -1435 -458 4768 -687 -644 4876 2184 -1885 4397 1546 -1776 2330 -431 4842 4278 -3318 1953 3243 91 -1764 -804 4066 -4354 1236 367 1958 4027 434 1220 -4056 -2194 507 -1019 -656 1344 241 -2933 4777 -3805 2845 -3666 -1498 -1220 -4555 -4754 4421 -4783 3177 251 -818 1380 599 -604 -2687 -3100 -4385 212 -4636 -3396 -2857 936 -1713 -2947 -198 -3608 2103 -1059 615 -2946 1843 -420 -1828 -493 -3184 -2723 -460 2749 2435 -3672 3096 2892 1194 2917 2971 -3494 -3340 3883 4162 4157 -566 -3750 -889 4177 3008 1939 -4057 -4376 3356 1983 1961 -2418 2040 9 3370 -1910 -2447 218 1406 -3817 -3308 202 176 3486 -3341 -4782 -2767 -2140 587 -1446 2858 -2695 -4715 -4980 2573 -4179 -4821 3313 365 3632 -3225 -2503 3302 -2888 1701 -3440 -2133 1762 -1556 -1626 2192 1418 3544 3495 2787 -4893 1162 -273 4964 -3590 -1214 21 -1825 285 -4456 -641 4652 417 -2389 -1897 -3433 1102 1587 -4169 4582 583 680 1472 -1809 -1749 3368 -4963 2407 -4422 -2798 249 -2800 572 3959 2931 3901 -3094 -3219 -489 -4215 -1977 -4768 -957 2168 804 -406 -2547 2176 1046 3688 4211 1331 -4352 3764 861 -3940 3636 697 -873 -861 3145 -3976 4175 182 4164 -811 991 1679 -3902 4668 -3051 -4915 4746 -3269 3191 -3661 -2362 -1900 4578 -1863 -4622 318 -2689 -1287 4269 -2856 -42 1822 -1511 3175 2756 -1752 1691 1804 -1317 259 2251 3755 -3658 729 -3792 102 -4355 -4028 -4383 -3260 1558 -360 4627 1938 -4471 2443 -117 526 -973 1650 -2776 2191 -1715 -2425 -4201 1532 2966 4452 4655 -910 -525 -2143 -4305 -4140 -752 -3241 -1304 -3389 -56 4095 -480 2244 -10 2159 -111 4998 -4653 -2692 1056 -4092 3000 -4139 -1780 1167 458 4786 303 1968 4526 4821 -3674 -319 -4987 -3382 2784 1779 -4323 4629 -87 932 4246 -4764 611 -2532 -3954 -2466 -440 4727 3046 1164 3738 -4568 -1966 -2449 3254 1732 387 857 -2635 -2464 -19 2115 -668 3455 -749 -607 -4763 -2198 -246 1888 4597 912 1600 -1565 3720 2320 -1330 3372 -3574 -1386 2388 3884 -4093 2729 2614 -1135 -3525 223 1738 3561 -4411 4504 4007 -2567 -1051 -3198 2404 4337 -2542 3165 -3826 -4841 2766 1124 4138 1776 -3251 162 -4066 559 1632 44 -4255 4837 3737 4816 -3123 -4477 -4574 3437 576 4144 -1454 -2942 -4431 867 -351 -4327 2572 4516 2774 3909 2907 4584 3839 1694 4686 3527 2896 3365 -2633 2728 -1941 4705 4228 74 -1199 -1375 4193 -4804 -4962 -2491 -4198 1313 248 -3623 1969 770 1876 -245 -34 -1835 165 -2501 496 1974 -2363 973 4037 1957 1431 -1018 -4339 -2053 -903 -4545 -4871 3201 -3320 280 1357 4890 3960 2547 -742 -1892 2436 4833 707 -4849 99 3278 -2094 -1170 4145 -2200 79 -4346 -3989 -835 -3910 -4085 970 4379 717 -3697 3964 -3282 4383 2889 -2189 -3015 3323 -4701 -1425 -4041 -2551 140 749 -629 -2557 -4042 -2834 -2690 -3250 -3131 1249 -2775 3692 -2487 -3683 -1371 4900 -4801 4680 -2400 1551 -1858 1942 -4099 2954 -2165 -4866 -1685 2989 -3118 4427 -2597 4611 -2903 3115 -2181 -4219 -1278 -4977 -1932 200 305 4232 -2724 2003 -3861 -781 -4211 -373 3083 -2138 4369 2918 -2895 2645 -1756 -1255 4561 1316 -1479 -1483 -3415 -4046 -4923 -4110 3881 -2280 1298 -4613 -4274 -3334 -952 61 3214 330 3524 4798 410 4119 -814 4322 -4648 3463 2788 -320 1453 3731 4262 -2139 3680 -884 629 4370 1886 1462 -3476 4867 1191 -3929 -1124 -466 -2940 -4133 -129 1068 626 -4197 1826 -482 2296 1404 -4331 2924 -1369 224 -3725 -638 -2391 -4501 1963 -1660 -2315 1823 4784 -1163 54 -4279 -937 3475 3068 -2714 4863 4273 55 -265 -1684 1833 2313 2684 221 -4596 -164 4605 757 1842 -187 331 1197 3137 738 -142 4285 -4834 -655 3684 -1879 -555 -3332 3952 -478 2051 -1162 1715 1984 -2706 -55 492 3506 3943 -611 -1027 -4047 203 4000 -1020 3624 797 -3259 2397 3773 -3667 -2357 -1857 1649 -3912 923 -2697 2734 -304 1311 446 -2458 3091 4601 -1908 3245 -3948 -1279 -1658 -3107 4288 -361 -3935 4562 -4035 1847 4811 1940 2548 -1053 -549 -2710 -3978 -1437 -1407 4024 3173 -1624 4891 4838 714 -2691 1420 -2417 1899 -3630 -4157 4039 -1467 -3499 -271 -4288 -3806 4258 4809 -1778 -4975 -3312 -3013 1300 -2455 -4724 -4134 481 1325 3836 -1648 4626 -658 3395 -4861 -72 2990 -2866 3163 -3182 2149 4779 -4469 -4256 -2175 3797 -731 -1328 -1743 2069 -2721 3939 -2749 3793 2914 -3326 -1131 1075 -2089 962 3076 -4276 4116 3016 984 -2758 3643 -1781 3842 348 4264 1745 -2274 828 -340 2635 920 2545 -3662 4402 1611 1460 -3797 2771 1712 -212 2353 -3310 -706 -651 -4500 -3370 -622 4713 -2231 -1600 3536 -78 3892 453 3934 -1427 4271 2325 -4101 -4968 520 -277 1327 40 2589 171 -3870 -103 -3276 -3333 -4232 -2059 -4008 -3762 4328 4513 4525 -4466 1519 -2585 3418 -4556 4538 -422 4224 -3466 -4333 -4539 -97 287 915 -2208 -3109 574 -4953 2463 4829 -3651 355 2439 -50 2217 -529 -3011 -3774 1672 -1419 -2594 515 1275 -2588 -4390 2401 -2859 2050 -3036 -231 1321 -1033 -1109 -1570 3701 2902 -4674 1718 -403 -4811 4085 -907 -546 -1118 -4505 3597 -691 228 2214 -4036 4976 -57 1354 -3706 -2938 -3941 -3569 -1888 -1090 -793 -392 -4984 2496 396 -3945 -1106 3035 3281 -4520 672 4408 -3247 893 -61 -532 2667 -3639 3112 744 380 -1037 -1290 -1730 -1049 2055 -1080 -1574 -2812 -4696 37 -1611 -955 -2667 2569 -4567 2354 956 -1045 -4301 -3984 -4535 -4426 -3950 -4547 -2711 -2358 -1236 -1524 -2638 -618 -3467 3345 4813 -2475 -195 647 3205 -2628 -4375 2042 -2459 -3560 3176 -4786 -1095 297 1001 -35 1482 425 4559 -1396 1397 4667 -1047 -1014 419 -4418 -3827 -3147 3513 -3520 -632 3079 2567 -1807 3966 2708 1444 -4911 -3497 -2840 681 -834 -1043 1676 -227 -4684 -1643 -3079 -3629 -1692 2993 48 -659 2744 921 -4391 -2632 474 -3314 -3599 2778 -507 3665 -3618 909 879 -1534 1642 -789 -3066 -596 3753 -3351 -2392 -1805 -521 -2619 1071 4529 -784 421 3828 818 -2849 295 -3927 -3484 3108 1477 -1062 1522 126 2627 -4517 -2253 257 2933 4517 -2814 2590 65 1173 2303 1572 2973 -427 -1414 1270 -416 -1604 -1294 3315 -4421 -3095 4082 3336 -2999 -3483 4485 3834 -272 -328 4059 -3802 4240 -88 -3646 -4021 264 -1653 2144 -4220 4367 -160 4539 -4018 1861 -4552 -1476 -4145 522 1647 -4840 -1597 -3236 -3780 -1175 -3086 2927 -4934 684 -1056 -31 -237 -2598 4857 -3601 -1147 1926 4930 -4776 -2738 -567 -1771 2829 1736 1192 -783 3339 -2481 -4 -322 542 -4887 -2576 4893 4237 3987 -3983 3366 -2651 -1245 227 4192 4226 4286 -2286 3101 -3654 2962 3614 -970 1064 3203 -128 3488 -916 -1576 3682 215 1118 -1334 4351 1884 2288 -1191 -182 502 -2081 1711 -3350 376 -2072 -3035 -205 -2845 -530 -1638 -2462 -3451 -1458 -3089 -3403 147 4088 -4245 -4025 3492 3219 -2410 -1777 -3373 -4703 4417 -3453 1554 2795 -2244 -4341 -2573 -2918 -1887 -3096 1180 -1683 1189 -3200 -1111 -2535 1622 192 3792 2777 4170 1516 -4638 1505 -2683 -3358 2426 -639 671 -3203 4963 -1326 4216 4822 -1775 -49 1845 -517 3375 -4618 694 -3207 -306 -690 2908 462 -3592 -2115 -2525 -4634 -3869 2037 -1722 2022 4263 -3808 3591 -2971 -459 4698 -124 -901 2157 725 -4048 -3969 -902 -4741 3523 1760 -2784 -4655 4569 3679 1241 -2144 698 625 -2807 3270 -1412 3093 -1144 3390 -1460 -4449 1396 51 4052 3341 3979 4372 198 -2912 -210 -3577 -359 2596 -4561 -1823 -411 -6 655 -135 -1258 2865 784 2831 -284 -3753 2980 3507 -1064 -3736 3986 2302 83 4938 -1164 -2291 -251 -1584 3573 -3427 -4851 -1712 -201 -1773 -3836 -646 640 -1363 -2766 -4798 -1875 1714 1026 -1947 1065 4503 -2552 3290 1781 2332 -3085 3697 -4619 -4659 4011 -4608 827 1174 -36 1954 2685 4450 -1238 2428 -4700 -733 1832 1911 382 -1986 3392 -4907 1096 -4714 3138 67 -435 136 -4400 -2129 2805 -3398 -3075 4034 -1623 -1596 3911 3779 2901 -419 -703 -3670 2906 -578 3661 -158 2507 750 119 715 -2471 -2701 1782 4975 2546 3886 4919 2122 -4191 1535 939 1297 2468 3681 -1455 -4755 3579 -367 2024 -4852 3257 3649 -4998 -2337 -2292 4057 3928 3504 -1484 976 3141 3673 2181 4681 1567 -4318 428 -2737 -3555 -3266 -1181 3297 2505 -830 2230 -13 741 -380 2679 4555 -2219 -4170 -2991 -3684 -3653 691 -2402 349 -3059 -2203 4988 135 658 2206 -1697 271 2582 504 -3480 -2446 1314 1329 2838 4883 4610 1379 3268 3698 -4513 2743 -3759 -4490 -2217 1593 -2645 431 -1919 -936 -807 727 -1707 627 1860 2047 -3172 -780 3053 4250 -3838 -48 2263 -3853 -2679 2335 -1035 -3436 -2661 -1953 2326 1031 3160 -3703 -4370 -4917 -297 4828 -3048 -987 634 791 4076 -2852 4586 -186 4179 -1274 -2935 -3189 -4271 -4736 4340 -2440 -3842 497 -2517 -628 -4734 1698 1972 -1154 4904 4219 -3171 -933 2706 1914 -2819 1909 688 1175 -3643 -96 82 4505 -3213 -350 1724 -1265 2651 339 -992 2164 3538 4664 2080 -1146 556 -4698 -3439 -155 4921 1880 -2917 -3610 2133 -685 439 23 -3298 4790 4054 -1058 4393 3202 -2183 -2716 -2352 4022 1973 -3160 604 -4472 -3407 -2289 3256 4943 -308 -1061 -855 4647 -4123 -4132 2555 -2833 1108 -2171 -3814 2414 466 -4091 -1970 -3069 4859 1340 -2818 3722 4689 4766 3956 -2441 1502 2515 -1486 2571 -1316 1553 919 3460 4567 3314 -4941 1580 -4209 10 -3688 1202 -2312 -3226 4241 546 4203 4396 -747 -2574 -805 -2296 -2677 -1150 579 3234 -3612 636 -2272 -4927 1361 1971 -4448 -2454 -663 -134 4873 -1438 -1496 4775 -2745 -9 -4585 4023 523 4808 2321 -4695 -2952 -3899 -4081 4046 -3821 -635 -3746 -1528 4096 2070 -4882 -4502 663 494 3683 1658 4947 347 4623 -2953 4445 399 2716 -3486 -1652 -4507 141 2243 4650 -4324 1240 -3928 2381 -4888 -758 2314 -161 -1644 -1853 -852 528 -1166 -4182 4618 2293 -3498 -1606 3627 -4459 -896 -2647 -2398 -4049 3569 -4409 850 -2311 917 2960 2694 4588 838 -1397 864 -2740 2721 -2664 1928 -4349 -1442 -4476 1474 -99 -1874 5000 -53 1385 1291 3237 -3985 -4857 4845 3022 1564 617 -1855 1475 -918 -4939 -2064 2472 -3478 -2063 968 -2546 4773 1153 -1022 -1174 -4153 4416 -176 4168 -4482 3277 512 -4680 2525 3586 -4522 -1405 2986 -2049 -178 -4637 -3585 7 2543 -4792 216 1465 2442 -985 1062 2417 1459 -1917 -1066 -1382 3795 4048 1100 -106 -1132 1990 -730 2806 336 3476 2832 -1187 -239 -4285 -2276 4305 -2284 -3587 4496 -133 978 2110 3867 1927 -3955 3923 -2901 -3849 3903 2372 3349 1239 -4129 -3600 -1182 4003 105 -3810 -44 -3642 -4384 4270 4062 3620 3631 -2963 -2614 3238 -3443 3997 -3607 -4943 1895 489 1540 -4562 2661 1417 -1631 3560 3444 -1824 -4309 -2188 3136 2418 4385 -2021 20 -2308 -255 4150 2862 -4208 -4237 -1860 -3882 2834 928 -1811 3663 -674 -3794 -2685 -1120 4670 -4578 600 2186 -2168 4354 -3951 1584 -817 -4362 -1210 3610 -569 4835 -602 -669 -4766 -2830 1621 566 1508 485 -1416 614 4878 -3232 -415 1986 4075 -1865 -3111 -1960 4701 -207 1573 -4506 -398 3877 -2355 -1512 -4862 2433 -3903 -523 -3155 3935 -402 859 -2066 -4837 2796 2898 2216 3942 2057 2434 -652 3266 -1837 -4802 -4016 211 3078 -1378 2875 -40 1530 -2806 3621 -4856 2460 -93 -1682 810 3677 -2005 -3825 1205 122 -1127 4209 217 3071 -3018 -1252 3361 -1006 1510 2811 -2587 -598 -324 4844 -1389 -3112 1399 1134 3479 -1880 -2534 -769 -4930 1713 -4727 -4839 2310 -1522 -4740 -1646 -4672 -448 -3104 4198 -1499 3019 146 -4814 1798 -2420 2368 1198 -631 1105 3242 -2717 2096 613 4961 733 -1553 2779 145 4748 -4096 -4236 2499 687 -3936 -4498 -3307 1488 -4546 -857 -91 971 -1002 -1100 812 1614 983 -4865 2374 4455 3759 -4529 -1121 3695 -4451 69 394 -1663 3768 -85 -2889 631 -268 -2622 -23 3741 1943 -3823 -1567 1285 -1520 -2228 -851 506 2566 2114 1355 833 -778 4552 4671 -3238 -3311 -1273 -4878 -4666 4201 -3322 -3470 -1841 273 443 -377 -2429 1395 1830 129 4675 -3793 1464 1496 -1222 -4564 132 931 987 3491 3450 4252 4580 602 4847 -913 -2486 -1533 -4972 -2536 -3820 3325 2932 -3887 -2898 847 -279 2052 -3558 4906 -2038 -1693 1441 107 -751 2937 2607 -4829 -244 3835 -3858 -847 2281 -2319 -3722 2233 1844 -3522 -590 1135 2009 -1763 4304 3089 -3979 -2992 -2523 3641 -4789 3988 848 906 -2076 293 2264 2695 4040 3868 1807 -827 4587 947 3074 319 4792 -1667 -823 3603 3850 -3268 -4269 -2267 -4401 4243 -116 3261 -813 2224 3213 4642 -1982 -105 2823 -2838 -3550 -965 4376 -1943 990 -4697 -4156 3950 -383 2959 -1183 -1276 1933 -1392 -4404 -1904 237 1227 -2575 3814 -1112 -3362 1979 1322 4615 -2470 3924 836 -3841 2413 -243 -1452 -2634 957 4342 3464 -4481 881 -498 -1516 -915 1878 -4931 1262 451 -8 2939 -4819 -3339 3774 -1477 -1513 -714 -2456 3497 -2009 -3878 2145 -3968 1141 4806 2016 3156 4287 -3737 -1770 1091 -501 664 -3283 -4761 -1843 -1320 1223 -2722 -211 -4958 1964 763 -2316 -3444 -3732 1044 -2794 -1804 2991 2630 17 -1280 -3097 2272 -4730 -3303 -154 -4392 3869 -335 -3873 3963 -2804 3441 -2621 -4762 -4014 4235 -2202 -1023 -1418 3977 2680 -994 3239 -2817 2399 4630 2878 -4043 456 1449 -4584 1750 557 2291 -4463 243 -2657 -2145 2196 525 -2733 -2394 4218 -2176 -3790 -2681 -3091 616 3703 2187 835 3993 -2374 2071 -1050 -1345 -815 1941 -4575 2904 -28 3882 -2223 -3481 3498 2950 -2273 -4986 4141 -3588 3404 3045 -4419 2620 874 4951 2348 -707 -2948 3853 -3357 1061 -3294 -3158 -2772 -3174 4723 180 -4899 -3933 2023 -4229 -1021 -2210 -2439 2018 -1301 4920 3991 3180 -1469 -2086 3727 2533 -3475 -1845 3117 -1398 -1829 -3530 -1968 4324 889 1786 3534 -2792 2826 -2239 -3472 -4115 2438 2553 3913 -2023 3829 3529 -3988 -3786 -1091 -1349 -1242 -760 -4549 623 -2215 -3372 -4512 4952 -3628 2869 470 -3395 -2564 -2769 -2541 -2700 3545 3474 -3596 -4275 -3211 3778 1585 -2 778 -4787 4005 -381 -3027 -3604 2595 1166 2134 -1535 4079 2723 4687 4737 -3446 353 -1564 2624 -1488 -3926 745 -4004 3041 -5 863 -3261 4912 3328 2527 -974 2152 -4359 1806 1746 967 3196 1434 1109 1777 -481 -4756 -1161 2318 2912 -3345 -4603 3236 -1491 460 3462 -2174 -4566 2405 2770 1123 1023 -3361 3005 -856 -842 1339 -1151 -1728 4133 -2116 -1168 -467 -2790 2486 -358 4436 4704 -562 87 -1167 2398 -4951 853 1931 -4138 -2008 3102 2997 -900 -3511 3018 -2221 4199 819 2702 2611 -4216 3974 1251 -771 2280 -1895 -396 -4112 2872 -797 -1284 -4337 747 -4394 -1362 53 -3734 883 -4540 -348 -4357 -3257 1630 4721 -4149 -2605 4967 3500 894 1947 -2065 -4739 -4758 4997 -3279 -2103 3424 1543 252 -43 487 2639 -3739 3419 3689 3223 2761 -1299 -4511 68 2825 3970 1704 3949 -4167 4053 3023 780 570 2274 -3617 -757 -3406 -1030 4824 2376 2090 444 -2643 911 4942 -4102 612 28 -3347 1400 -3190 -1818 -1850 3596 -1915 4716 -18 4009 70 -4238 1348 -3685 -2854 582 2506 -388 3252 4571 -1311 4870 1893 -1620 -3166 -1365 3713 965 -2134 4530 2327 -1552 -4553 3452 239 -3418 -2136 -1177 -275 955 2239 -3848 -3090 -3346 -2795 -58 -2905 1542 -2734 234 -3536 3131 -620 3436 4121 2952 4744 577 608 1242 -3856 -1509 1996 3126 1217 -241 3146 -4719 -2676 -808 3920 498 -729 -550 2683 -4373 2300 1531 -722 400 -2494 -838 3691 -1444 -4751 -1952 -1661 -3017 -71 -76 -4803 -1354 -894 -1849 4289 -1615 -1955 427 -4128 1382 -2041 3532 156 -1439 4874 -676 2458 2747 29 -3240 4347 639 1534 737 2480 170 -888 -3063 -2453 4155 -2473 -1271 118 1596 -705 -4326 -4150 2584 -554 2808 3410 849 -788 -3784 3218 -2600 -4322 -2010 -4875 -3631 -4944 1918 4299 -4744 127 -3162 -3230 -3317 -1385 1318 1345 4488 -141 1885 -4019 -3062 2242 3307 4979 2857 1896 -967 584 3851 1924 3387 -1339 3403 3304 -4027 3293 1521 -1716 -920 -2671 -961 1412 -2797 3847 822 -1894 -3078 -4845 4825 -4424 2603 -1373 -4527 1393 4073 621 -3798 1049 -2432 2234 4474 800 4989 -777 -2271 -4033 -4531 441 2494 -3176 1284 4913 -3668 926 1693 1273 -1277 4971 3926 -2527 -1331 -430 2895 -1423 -1989 -4457 -424 -3913 -4813 3056 3806 2842 659 1304 3453 760 3217 1369 -4913 3084 -773 4546 3786 -653 -2341 3599 -1338 998 4531 -2259 -3698 -4059 3472 -1760 3714 346 -1720 3667 -3222 4846 -2916 -1946 245 2062 244 -1967 -3256 4663 -3885 276 -2172 4783 -145 3484 3613 3733 -3058 4823 -1 -3125 3585 -3482 4444 291 2650 900 4169 -2964 -2868 654 3784 -2801 2836 -1142 1268 4510 3645 2229 2235 -3043 2762 125 1768 -724 -4144 3905 1190 -616 -219 -3429 -3154 1978 2474 -2294 -1586 4345 -1129 1413 -552 -4640 1949 -845 3723 2195 -4307 -4769 -4822 3150 -1607 -3991 -67 -1359 3227 -3195 2141 3449 -1954 1338 -4823 -282 -2973 332 -4647 995 3298 3740 -2442 2324 -1169 2410 762 651 -4286 -3252 -2339 -1813 435 452 2597 2079 -2779 4982 3306 -3178 -4956 -2861 -3153 1398 3511 2649 -46 -4050 -4189 -4290 4315 1894 -886 -2012 3347 4220 3285 -4885 1579 33 -2017 4499 -3432 3787 -2395 -4945 1970 1038 -1485 4984 3135 1769 4791 -2599 1421 3006 1178 -2409 4807 2238 -681 398 -2680 -648 -3420 -1042 2855 1592 1484 1066 4050 -2725 -1674 -2906 -1070 -3233 -1588 -2416 2092 -1089 902 57 4660 -1079 3310 2473 3874 -4627 -3237 4715 -2577 1852 -2240 683 -3323 3944 872 -4389 -3156 905 3024 3011 -2956 -3681 -1464 -3296 -317 -2300 2822 3015 -3227 -1225 -923 -891 1279 -2569 -563 -579 97 207 -2483 -3694 -1645 3309 3332 -4428 2211 2068 -3749 1684 3226 -686 826 3080 -224 -3578 1375 3407 -3364 2437 -3655 4253 -2759 4129 94 2538 3020 2383 -2247 2095 3241 -3771 3725 -4063 -3930 -2773 -1958 4761 4557 -4393 -451 -4006 -950 -3313 4466 -761 -2539 3805 3971 -4537 1347 -4125 -4954 4013 -2516 -1368 2297 -3535 2027 -2675 2111 2075 -2921 -1327 2704 -3603 1250 -300 -1350 3815 -2520 -226 1055 3224 -2349 4574 -737 -1732 3159 -2126 -2324 -1184 1524 -2022 -1669 4015 -4378 4772 -2461 -1935 673 516 -2997 1819 2369 2345 -736 1020 375 -3727 4366 2390 -1086 3389 -2412 2599 -1472 -2158 -2646 -528 -2378 -4022 -1926 -538 -1784 1639 -1029 3757 -1545 4648 -3872 2271 2488 -547 -1443 -1140 1509 700 -3800 -3987 -2388 -3410 -113 3105 272 -2653 -3866 -1978 1245 -3242 1905 4688 4771 2776 -29 -3783 4182 -3273 -2930 656 -828 4881 -2164 -4381 -2299 -2120 -3996 -1827 4910 3798 -2480 3312 1569 -1836 793 1254 2307 -222 1233 966 483 783 -4752 -4971 661 2225 -795 3231 1916 3612 490 -1705 3837 4099 -3943 -4202 -4446 -3851 -971 1146 8 -3830 -4635 3941 -2583 -1571 3051 3197 -2068 -1878 4767 -2044 3704 -4536 -695 -2718 -286 1458 -4423 4042 -4164 2465 3033 2690 2419 -2919 -4142 1309 -2893 4389 -2353 -2508 2094 -2482 2167 1920 1151 2136 -3959 1437 -3834 1892 -4651 -1731 3639 3273 -2966 3043 1016 -4853 -3084 3732 4732 -2080 1523 4142 3198 3772 -150 -1302 -3070 3760 -1085 -3523 -2824 -1801 -3244 -4910 -2285 -2238 1013 -364 3154 -1864 2528 -2232 3801 3845 -4979 -3947 -3952 3143 1930 -4244 -3519 362 -4932 674 -1087 -3622 2087 -1332 5 -4031 -1263 -2288 1088 -3526 1583 -3031 2261 4317 2789 -1333 -2162 4103 -4656 -1808 580 3859 350 -1789 298 4902 -1774 4422 4787 -1315 -4942 -1465 -1779 2038 -2386 1597 -1614 -4499 3556 -990 4181 1547 1009 4804 1429 2866 -3728 4969 -4488 397 3638 1168 -1422 4334 -2514 -912 4973 3317 -4406 3028 -4504 -2258 2089 -581 514 4441 558 -3246 -2674 3040 1161 -1795 4543 2209 -2591 -3192 -2959 -1612 4458 3800 -3106 -3110 1915 3271 1257 2182 643 342 1687 925 2508 -3132 1349 -2451 3157 -175 377 1591 -2704 -3745 2610 -2016 1152 -3401 4649 4049 -1930 -3758 4424 2648 4429 -3026 4887 646 -3516 3844 3038 -4722 1265 2367 3398 -4491 -688 1463 -490 1644 3469 2350 -3134 -417 -2029 -2780 -753 -735 -1914 -4037 -4825 -216 -3570 4284 2044 2923 2701 -4119 3896 -1745 4104 4542 -3425 2223 -4453 -1842 -3348 4646 4928 -3855 1117 4178 4268 2709 -4408 3109 2746 -1005 214 2 989 -624 4118 -3580 -1680 679 -1579 -897 -347 -4542 -1291 4065 -4367 -1024 -4467 4651 -4881 -3645 4993 -1172 -4571 4661 -763 -1609 -3187 1900 -1550 -2853 -1060 -2855 1003 -1010 -946 2412 114 1568 2237 2873 4365 4855 1716 2519 -2450 1290 -4514 -998 1101 4865 -3309 -2379 3220 2384 -2650 -1344 669 3807 447 -4117 335 -938 -1190 -3216 4691 4463 -477 2663 3629 -209 390 -2361 4479 2250 -4808 2010 3374 -4045 -1125 -3173 -588 2194 -874 -4086 -3042 895 482 -122 -1962 -4078 -4484 -2960 4056 4685 -1355 -2205 2790 -3039 2108 -3529 3796 -4430 -2351 -1634 2633 756 -3335 3181 538 -3967 2424 -4106 3485 -3046 4576 4916 2848 4368 -2655 -138 2482 565 4460 -3386 829 -3932 115 4603 -1105 -2262 4412 -1046 4312 3166 831 954 -2002 2346 407 3399 2151 -2555 734 4475 -1541 -3286 2382 3335 -313 4296 -670 -1457 -677 -3133 2215 4551 -3562 4064 -3636 414 104 -1867 -1403 -4706 3818 -2726 837 1801 -1589 2056 3730 4386 -3709 -4922 -4732 -3876 -3891 4506 -1295 1258 3676 3120 2978 2060 -697 -2615 1747 -2485 -2610 -1518 -2015 2535 378 -1165 1906 -2083 689 409 -4181 1442 -1934 2737 -2783 3258 -2593 761 -3029 -4682 -2828 334 3130 -2222 2252 -1839 -1629 -1569 1199 2063 -4900 3461 1897 -4340 2137 4579 2559 -471 -3275 2911 -4009 -339 -3789 1144 -2673 -4996 4966 -1173 -701 3982 -1987 2793 -3161 3047 -3801 -266 2373 -1929 1368 3240 -3517 -594 -1742 -755 -4413 2457 4780 1276 -859 1717 3075 -4690 2884 2616 -4999 508 2032 4814 357 -1602 3172 -4868 4112 1125 -3393 -181 3769 -3675 -876 -410 3562 4818 -4604 1829 2118 -1750 840 2495 802 -3897 -2571 649 -661 -4563 -1725 845 2626 -315 1018 4434 1307 -1662 -1489 1308 364 -3098 -4291 -2430 -4474 -3946 -3067 1378 -2844 -4319 -256 1541 -2652 -2764 891 2034 -2962 -2321 -3465 2540 -2013 -1433 1206 3628 -3581 4620 1090 -1933 4115 -4898 138 607 4090 1629 -2506 3543 -1226 -3019 -619 -4130 -3691 -3088 -1856 877 -625 940 -1988 -3504 -1854 -4665 -3262 -1999 -3492 1688 2148 -2130 -1013 2337 -1872 1889 -2468 1570 4909 3406 1935 -2000 -174 -1814 4036 -4579 1869 -3379 -4335 3711 3994 2175 -3545 137 2173 -2658 -2046 -4118 -94 2074 -1296 -2243 -831 1317 -1505 4945 -2713 -928 -447 -236 4171 -2079 -4558 -4137 289 -4955 1785 -1409 4051 630 -2968 -248 -4246 1095 1287 -4380 -821 -3970 -425 -4702 -2264 3930 1274 -2579 -3093 -4936 -253 -4111 -2581 -2993 -662 825 -2623 1604 -2493 -800 -242 1228 1887 4277 -2929 -3186 3767 3458 4411 -1448 -4588 1480 -906 4958 3064 345 3940 4319 -743 -2559 1612 -3270 3429 1792 -184 -890 1956 2517 -3068 -3818 -1139 -3301 2791 -3606 2357 1641 -4717 -3589 3385 686 -887 -4642 -798 -2739 -723 3411 -540 2953 -534 -130 2522 -3005 -2504 -1072 3303 -3572 -3122 2581 3284 4320 2001 -4785 -779 3526 -759 -1141 4817 1723 -944 -249 4495 1237 -4353 -1071 2576 2178 -4791 -4039 1058 -432 547 752 2220 4697 2355 4172 854 -3564 3350 -4818 -4598 124 3929 3565 236 4377 4917 -4098 3002 4955 -4780 -2373 2642 1586 1436 -3319 -2847 -1307 3269 1800 1764 -136 3978 1773 1269 -3336 -4425 -3114 -3533 -3986 4352 493 150 -3285 -3778 -593 418 -1890 2891 -1883 1850 4985 2995 -4444 4521 1857 -976 2299 -1179 -407 -4235 -1605 1821 -3914 -1521 3244 3311 3481 -4805 475 -3489 1797 -2026 -2882 3572 2394 -4195 -3293 753 -4633 -3290 -1782 2454 -977 24 -149 2741 -3038 2276 -3049 3445 -960 199 -2892 871 -336 -865 -2124 -3142 -4733 -2074 -382 -3867 1628 -3209 2328 -4266 1280 1875 -3137 1742 2781 860 480 -1637 -2932 1032 4364 -711 -2870 -1313 2965 1234 -4055 1827 3279 -1796 3702 -4194 -1744 -1115 -4541 -4155 -3438 3965 -3380 4387 -345 154 -3632 38 888 4472 2984 -1463 4674 2284 184 4875 -4929 -1761 -744 -3255 -2923 -3218 -3819 4058 -499 3517 4339 851 -2333 -802 3577 2666 2213 3785 2106 -675 4309 3912 3588 -2748 1846 -4670 -3937 -3363 856 -904 -446 -397 -917 -4437 4636 4308 -223 678 2309 -512 -1275 -2014 4724 1552 395 4570 898 -892 -3648 -2293 4006 2416 194 1729 2289 -502 1613 624 3276 -2369 -3898 662 2153 -3077 -2229 4086 796 -346 2174 -1322 -4978 -3543 2002 -1213 -3720 -527 3954 -514 934 794 188 -4432 -12 641 -1390 1467 -189 -2050 -1526 -3843 -2179 4404 4553 3729 2503 -4591 -1551 -1504 -4675 2668 -4726 -1901 -1453 3059 -385 820 -191 -3975 4564 2253 2389 -3803 1498 -1308 -3224 884 312 488 2386 -3701 2717 -4249 3833 1157 -3579 1668 -2235 -885 -4265 -1206 -919 -3177 -3625 -4908 -1640 3721 35 2753 3590 -3138 3592 -2087 -1976 -167 -2467 4267 511 644 103 4677 391 2670 -1704 4695 -1527 2631 -2084 -617 -511 1594 307 -3496 -3353 -123 -1659 -89 -4163 -4312 510 -4708 4163 -463 -3704 3820 3251 -4894 4297 3122 -399 4448 -1497 -3033 -613 3032 -4148 -2157 -4950 -4624 -1288 275 -1572 1560 -1803 -2364 169 -4833 3459 1212 2625 -4344 139 3906 769 1917 -1234 -785 1705 -3164 -3905 -2370 -4838 -2896 1640 1319 -586 1651 1814 4931 2604 824 -2469 -2476 -148 2909 3447 2127 262 -3056 4487 -1790 -3944 1666 710 -464 1147 1103 213 352 3121 4281 3502 2634 2112 4212 -3960 -289 -4554 1631 2583 -2201 -4089 2739 59 -4429 328 -2696 4907 1401 -2150 -2071 3422 -4609 4782 1837 -645 4757 -3909 -2934 -536 -4557 -606 887 -3514 -4088 -454 -4087 -2332 3052 -2659 -374 -4332 1674 4167 519 -1833 3659 524 3655 703 -3397 1710 -3375 -2782 -877 3114 -2994 -4602 3094 254 152 -2607 2117 4972 2618 1455 3048 4908 -370 -208 1537 1384 -4902 -1300 -1981 -4185 -935 4344 2798 -615 594 2647 -2338 -1171 -519 281 -929 2570 3007 3287 -3217 4061 -3924 -1441 -825 592 -799 4640 -3895 904 -4795 -4937 -2340 4335 -1388 3887 -439 -2715 -2261 -1641 -3576 -3650 4426 -2750 -4196 -4223 4815 1922 914 1565 -3752 2205 455 1834 4041 -4742 2943 246 4140 112 -4969 -2154 -4228 2656 -3360 2504 -1603 1977 803 -4644 -2190 1934 340 -2192 -951 -2070 4739 -3220 210 2669 4280 -4581 2323 -95 260 -1983 4410 740 -1936 2775 -1961 -156 -4205 -3549 4575 4918 2290 -4377 1052 -4532 -2062 -548 -3327 3995 -162 -1434 1589 -194 -572 -4904 -3890 -1039 -4061 4566 588 -4515 1923 1526 155 3646 -726 3478 -4912 -1595 3499 4560 2190 -2329 866 -3837 1043 2783 951 3204 -334 1253 433 -2511 -311 -1873 4625 1255 4355 2948 3694 805 -3931 -1243 -3939 1390 -4080 -153 43 -379 1528 2107 -4053 3274 3412 -4314 2469 -2707 1356 -4165 -2040 2700 4877 -1996 -1630 -1577 1409 -4356 -4652 -4190 994 -966 -1519 3794 -4402 2556 4148 1727 -2927 -1642 -2356 3090 -2020 2894 882 15 3061 -497 -561 1187 3998 -863 2758 -3582 -3829 1744 -1119 4949 4245 4438 3415 -3640 -2498 -1261 -3148 -1846 3351 3207 383 -1077 -1870 4127 -1747 3394 -1740 -3165 3809 4812

.PHONY: all obj clean fclean re

.DEFAULT_GOAL: all
